-20.034747656790106
-20.032579310714368
-20.03612855382835
-20.041766376052077
-19.70288119074032
-20.018697399061715
-20.023160634362625
-20.025567547905162
-20.03312248400558
-20.036033150626437
-20.033321697213644
-20.035413910845673
-20.01577112376221
-20.0221706206911
-19.713782466198964
-20.045423254459983
-20.03619956387854
-20.01938483116303
-20.045482467267124
-20.035393650872862
-20.02945297499034
-20.029676322336133
-19.222486638491596
-20.038028219435013
-20.03271047890334
-20.04394765071672
-20.03122327553373
-20.04479411572251
-20.024557463977395
-20.044809647072512
-20.03715651264136
-20.035178179620758
-20.03593414102268
-20.03484224251325
-20.035064752800615
-20.033510621569935
-20.02885665525764
-20.03864339483217
-20.041594318771022
-20.05338797521167
-20.031335535634625
-20.035658933088513
-20.031643172307817
-20.045773073665696
-20.02278132551174
-20.047052736505943
-20.035851618774366
-20.032784205357412
-20.04659247664785
-20.023134866006895
