-20.034740355344677
-20.032566211623696
-20.036099520242384
-20.041772308675103
-19.702878551465602
-20.01869752047483
-20.02316847440168
-20.025567561769826
-20.033138170993013
-20.036026378411577
-20.033313449934337
-20.03541436209896
-20.015767659923505
-20.02217179163269
-19.713784570443785
-20.045407561766073
-20.036190165362097
-20.019381142036075
-20.045482347587356
-20.035389498802264
-20.02943687475618
-20.029686023681652
-19.22247485332548
-20.038024133439507
-20.032718304619905
-20.04395140228937
-20.031215687073473
-20.04479763552572
-20.024556589954027
-20.04479921970244
-20.03715222022918
-20.035177162533785
-20.035934763593257
-20.034834020289374
-20.035070035175423
-20.033512376827584
-20.02884697617751
-20.03863315540594
-20.041594514193633
-20.05338961940442
-20.03133978030132
-20.035656021259555
-20.031628710655976
-20.045761065687152
-20.02277901909845
-20.047044406253317
-20.03584697477161
-20.032771356543822
-20.04659054847106
-20.02313228506501
