-20.034747656791826
-20.032579310716045
-20.036128553830014
-20.04176637605378
-19.702881190741838
-20.01869739906337
-20.023160634364324
-20.025567547906796
-20.033122484007222
-20.03603315062812
-20.033321697215314
-20.03541391084736
-20.01577112376389
-20.022170620692783
-19.713782466200485
-20.04542325446165
-20.036199563880217
-20.01938483116472
-20.04548246726884
-20.035393650874553
-20.029452974992026
-20.029676322337846
-19.222486638493127
-20.03802821943671
-20.032710478905035
-20.04394765071841
-20.031223275535417
-20.04479411572426
-20.024557463979082
-20.0448096470742
-20.037156512643065
-20.035178179622438
-20.03593414102438
-20.03484224251494
-20.0350647528023
-20.03351062157163
-20.02885665525933
-20.038643394833862
-20.041594318772756
-20.053387975213397
-20.03133553563634
-20.035658933090225
-20.031643172309487
-20.04577307366738
-20.02278132551343
-20.047052736507673
-20.03585161877607
-20.032784205359096
-20.046592476649547
-20.02313486600858
