Environment variable not found or is empty.
Qiskit nature not installed, qiskit mapping not available
Loaded imports in 10.594245195388794
-20.034740355344653
-20.032566211623685
-20.03609952024238
-20.041772308675107
-19.70287855146563
-20.01869752047482
-20.023168474401682
-20.025567561769776
-20.033138170993023
-20.03602637841155
-20.033313449934347
-20.035414362098955
-20.015767659923533
-20.022171791632665
-19.713784570443764
-20.045407561766044
-20.036190165362093
-20.0193811420361
-20.04548234758735
-20.03538949880221
-20.029436874756218
-20.029686023681645
-19.22247485332551
-20.038024133439514
-20.032718304619916
-20.043951402289334
-20.031215687073495
-20.04479763552573
-20.024556589954063
-20.04479921970242
-20.037152220229203
-20.035177162533806
-20.03593476359326
-20.03483402028939
-20.035070035175405
-20.03351237682759
-20.028846976177547
-20.03863315540598
-20.04159451419363
-20.05338961940442
-20.031339780301362
-20.03565602125951
-20.03162871065595
-20.045761065687135
-20.022779019098433
-20.0470444062533
-20.035846974771598
-20.032771356543783
-20.04659054847104
-20.023132285065028
