-4.1841104936091815
-4.176739039011221
-4.166824892374094
-4.173418832631696
-4.157091790585537
-4.154433365193703
-4.136447446199904
-4.173556216638794
-4.166465135584765
-4.1709285322392855
-4.169664457351527
-4.1572353273713425
-4.176101818880728
-4.154072231515629
-4.157266353298877
-4.143778052545322
-4.150244125799975
-4.161788235605669
-4.176028693863163
-4.153494088309465
-4.187339675331198
-4.149059194621848
-4.1702889938741645
-4.160031919902874
-4.194495391859444
-4.1647455717817925
-4.168143737976301
-4.1714084494918335
-4.158024090697295
-4.163521702518639
-4.173629514494397
-4.155503402081045
-4.17665927421724
-4.154523825988864
-4.187083890576089
-4.188749300724157
-4.165787936708076
-4.1929645784887235
-4.1753664915932065
-4.149755442476994
-4.1673151304937095
-4.1623188079271864
-4.1878738287674135
-4.173287875635061
-4.181416713232344
-4.164341440072351
-4.155174301713674
-4.1719020442503085
-4.175818448983928
-4.175672173101407
