-4.184111953995901
-4.176737000782392
-4.166823750778672
-4.173415960657379
-4.157092152910234
-4.154431645347845
-4.136448947236763
-4.173557892604201
-4.166463713292482
-4.1709285073529685
-4.16966596856777
-4.157241282294553
-4.176100040268848
-4.1540712336304395
-4.157265018790367
-4.143779603964173
-4.150243777009769
-4.161790184940884
-4.176030182178631
-4.153493219206014
-4.187338662911916
-4.149058404317568
-4.170286572782532
-4.160027834988664
-4.194495408415423
-4.16474829892393
-4.168141715949991
-4.171405963545107
-4.158022434017701
-4.163521043078802
-4.173626593420682
-4.1555057633104155
-4.176658915760045
-4.154526028512364
-4.187081472360649
-4.188746814543901
-4.165789466580022
-4.192967820779933
-4.175366862859975
-4.149756418217734
-4.1673179133952205
-4.162320697198327
-4.187874384199599
-4.173288571104905
-4.18141815537664
-4.1643454494789065
-4.155175772476865
-4.171903581803145
-4.175818534969847
-4.175669652455046
