-4.184111630274695
-4.176737602548361
-4.166824600252976
-4.173416848076737
-4.157093669060055
-4.154431630543382
-4.136447192473454
-4.173557786462692
-4.166464709845596
-4.170929219543851
-4.169665004374922
-4.157240047567484
-4.176098766966945
-4.15407209564642
-4.157265461951262
-4.143779170842556
-4.150243832256823
-4.161790915524897
-4.176030207680375
-4.153491816012619
-4.1873389730386235
-4.1490599997509054
-4.170285923855912
-4.160028255539368
-4.194496138727634
-4.164749121789522
-4.168140931956994
-4.171406356041553
-4.158020631811731
-4.163520862306785
-4.173626945442097
-4.155506903261162
-4.1766592805124905
-4.154523451148488
-4.187082409784477
-4.1887466518965475
-4.165789276057488
-4.192967037735566
-4.175367954353859
-4.149754926309203
-4.167317002175071
-4.1623205235599094
-4.187875025237509
-4.1732893106044635
-4.181417367309608
-4.164343664303955
-4.155176197342618
-4.171902196772127
-4.1758172844287715
-4.175669003846639
