-4.184110493609193
-4.176739039011242
-4.166824892374111
-4.173418832631717
-4.157091790585551
-4.15443336519372
-4.136447446199922
-4.173556216638809
-4.166465135584781
-4.1709285322393015
-4.169664457351546
-4.157235327371353
-4.176101818880741
-4.154072231515639
-4.157266353298896
-4.143778052545336
-4.150244125799986
-4.1617882356056874
-4.1760286938631825
-4.153494088309483
-4.187339675331214
-4.14905919462186
-4.170288993874175
-4.1600319199028855
-4.1944953918594665
-4.164745571781807
-4.168143737976317
-4.171408449491849
-4.158024090697316
-4.163521702518658
-4.173629514494411
-4.155503402081056
-4.176659274217249
-4.154523825988876
-4.187083890576108
-4.188749300724171
-4.1657879367080906
-4.19296457848873
-4.175366491593221
-4.149755442477007
-4.167315130493722
-4.162318807927201
-4.187873828767431
-4.173287875635083
-4.181416713232355
-4.164341440072361
-4.15517430171368
-4.171902044250328
-4.17581844898394
-4.175672173101419
