-89.70182854559044
-87.89091091758112
-88.28449565810315
-90.79898507861479
-88.08851128702939
-90.64464314054727
-90.79610228419693
-89.03710835788361
-91.16612162026563
-91.13254338553035
-89.56104288261986
-90.87634554521044
-88.05340619149926
-88.75747902137466
-90.29701666171358
-93.10685021974774
-90.15364839496478
-91.47241125599936
-93.38041060969584
-90.34311606177614
-88.73367153147086
-87.41260999520537
-90.49023765637502
-87.74092313188454
-89.07742321470006
-91.02923516660856
-87.1448262456722
-88.60848786128534
-88.28403974381462
-89.85441841787336
-90.16445967947648
-91.40925912828843
-91.26407451640999
-89.2694030756084
-85.58628800516804
-88.34595238177187
-91.7312363814413
-86.19145589416117
-87.19206825854114
-89.58815837584093
-89.27248493912073
-90.5901519414631
-89.73668039535376
-88.57314043536083
-92.45787529194939
-87.89814147323925
-91.41017810974954
-88.44676609111609
-91.09297121032992
-88.83423024967688