-89.70177663746291
-87.89090911520678
-88.2844452629218
-90.79888157164072
-88.08849919399042
-90.64465851567097
-90.79613724224978
-89.03714921561863
-91.16605083320191
-91.1324553048888
-89.56104181836828
-90.87631568353966
-88.05332654687004
-88.7574283341413
-90.29701836697772
-93.10686576555011
-90.15364177883602
-91.47234099417228
-93.38050016294396
-90.34310935456364
-88.73372134361304
-87.41254625877285
-90.49026551073466
-87.74090421267563
-89.07743452836664
-91.02931595758693
-87.14480233186768
-88.60849870490588
-88.28396796720504
-89.85450440058393
-90.16440879197484
-91.40928996180124
-91.26402532837898
-89.2693698943211
-85.58625095231648
-88.34588721907072
-91.73115410586524
-86.19149071748781
-87.1920422796956
-89.58809636211986
-89.27247289656297
-90.59023072076101
-89.73671102406291
-88.57314885242499
-92.45782819634357
-87.89814194619969
-91.41012736380824
-88.44677039844171
-91.0930396268338
-88.83417875654438
