-89.70182854558972
-87.89091091757989
-88.28449565810213
-90.79898507861505
-88.08851128702787
-90.64464314054803
-90.79610228419719
-89.03710835788313
-91.16612162026627
-91.13254338553091
-89.56104288261962
-90.87634554521001
-88.05340619149733
-88.75747902137442
-90.29701666171349
-93.10685021975003
-90.15364839496566
-91.47241125600009
-93.38041060969846
-90.34311606177707
-88.7336715314704
-87.41260999520351
-90.49023765637494
-87.74092313188298
-89.07742321469954
-91.02923516660867
-87.14482624567009
-88.60848786128456
-88.28403974381276
-89.85441841787309
-90.16445967947637
-91.40925912828968
-91.26407451641184
-89.26940307560862
-85.58628800516492
-88.34595238177103
-91.7312363814427
-86.191455894159
-87.1920682585396
-89.58815837584095
-89.27248493912086
-90.59015194146367
-89.73668039535384
-88.57314043536022
-92.45787529195091
-87.89814147323759
-91.41017810975063
-88.44676609111424
-91.09297121033109
-88.8342302496761
