-89.70175373369175
-87.89091359463195
-88.28446312422984
-90.79885492745423
-88.08849606469072
-90.64464960134964
-90.79613406505145
-89.03717391736323
-91.16606186811843
-91.13248846124196
-89.56103315769501
-90.87630612833735
-88.05333969047861
-88.75742201025278
-90.29697181297321
-93.10684218867881
-90.15363684063688
-91.47235218453623
-93.38047171167585
-90.34313283536764
-88.73369847334892
-87.41254194890982
-90.49025339812206
-87.7408985914083
-89.07743471662367
-91.02931034265526
-87.1448168584894
-88.60850913249075
-88.28396855049702
-89.8544922311151
-90.1644260992362
-91.4092814411731
-91.26402027590028
-89.26935308512111
-85.58626048601558
-88.3458808405568
-91.73117804987932
-86.19148135173567
-87.192056610272
-89.58809468271453
-89.27249669688297
-90.59023508031933
-89.7367073916708
-88.57316229417331
-92.4578328268589
-87.8981556527305
-91.41013460007514
-88.44678114635006
-91.09301862939117
-88.83415920410962
