Environment variable not found or is empty.
Qiskit nature not installed, qiskit mapping not available
Loaded imports in 6.3236939907073975
-89.70175373369177
-87.89091359463184
-88.28446312423
-90.7988549274541
-88.08849606469064
-90.64464960134958
-90.79613406505152
-89.03717391736333
-91.1660618681183
-91.13248846124193
-89.56103315769494
-90.87630612833743
-88.05333969047852
-88.75742201025275
-90.29697181297314
-93.1068421886788
-90.15363684063706
-91.47235218453633
-93.3804717116759
-90.34313283536767
-88.73369847334921
-87.41254194890989
-90.49025339812225
-87.74089859140831
-89.07743471662376
-91.02931034265525
-87.14481685848925
-88.60850913249077
-88.28396855049675
-89.85449223111536
-90.16442609923612
-91.40928144117312
-91.26402027590044
-89.26935308512087
-85.58626048601587
-88.3458808405567
-91.7311780498793
-86.19148135173558
-87.19205661027186
-89.58809468271481
-89.27249669688315
-90.59023508031909
-89.73670739167103
-88.5731622941733
-92.45783282685885
-87.89815565273058
-91.41013460007554
-88.44678114635016
-91.09301862939137
-88.83415920410968
