-20.03474274578256
-20.03256861011947
-20.03611386748141
-20.041774617377786
-19.702876328262015
-20.018702297974095
-20.023161334258887
-20.025565146975207
-20.033133464377276
-20.036026385227874
-20.033313476299618
-20.0354167488598
-20.015767729194806
-20.022164532721845
-19.713782780674002
-20.04540515757301
-20.03619017174103
-20.01938602049714
-20.0454895782273
-20.035387023904157
-20.029456019364414
-20.02968834971858
-19.222477853329213
-20.038026699711352
-20.032715914932332
-20.043949009547035
-20.031220477029034
-20.044800080640716
-20.024554195689035
-20.044799214897026
-20.03716176519414
-20.0351747743108
-20.035937185391756
-20.034833862705728
-20.035074814681185
-20.033512369351225
-20.028854140532204
-20.0386378747784
-20.0415919715463
-20.05339441414232
-20.031342165434072
-20.03565826137722
-20.031631100263343
-20.045758668063673
-20.022774246653572
-20.047044528474004
-20.03584704625682
-20.032778553743587
-20.046590588734812
-20.023127484966057
