-20.034747656791794
-20.0325793107161
-20.03612855383006
-20.04176637605373
-19.70288119074178
-20.018697399063374
-20.0231606343643
-20.025567547906803
-20.03312248400726
-20.036033150628146
-20.033321697215317
-20.035413910847385
-20.015771123763905
-20.022170620692826
-19.71378246620047
-20.045423254461664
-20.036199563880228
-20.019384831164707
-20.045482467268833
-20.03539365087455
-20.029452974992097
-20.02967632233778
-19.222486638493116
-20.038028219436722
-20.032710478905003
-20.043947650718547
-20.03122327553541
-20.04479411572428
-20.024557463979075
-20.04480964707412
-20.037156512643048
-20.035178179622466
-20.035934141024363
-20.034842242514934
-20.03506475280222
-20.03351062157161
-20.02885665525935
-20.038643394833848
-20.041594318772763
-20.053387975213397
-20.031335535636384
-20.035658933090183
-20.03164317230946
-20.04577307366739
-20.02278132551345
-20.047052736507634
-20.035851618776043
-20.032784205359107
-20.046592476649586
-20.023134866008593
