-20.049424568467433
-20.05013002746421
-20.06750096847792
-20.062877636511995
-19.747940407528034
-20.055652503219047
-20.053271788539025
-20.056481664281645
-20.064570783171067
-20.050580381087343
-20.05099162192965
-20.050186159330213
-20.058007205158074
-20.06283635438444
-19.74118756466921
-20.062288183167812
-20.051595692816207
-20.05598528901988
-20.060202768402696
-20.054196674013358
-20.053107800581575
-20.067209817804212
-19.693507543488597
-20.06431079685014
-20.05019601397199
-20.062384348057535
-20.05157826224479
-20.06132403718825
-20.05287308485552
-20.064388820494102
-20.064655185804604
-20.065247568947612
-20.056759511191352
-20.06308507790959
-20.049429891269323
-20.050830853849533
-20.051949709127904
-20.06945843233325
-20.060988645405974
-20.07389732000458
-20.053024123919506
-20.06363436579705
-20.050562233773757
-20.06042163687942
-20.053496489216354
-20.066614168126353
-20.06293857308404
-20.06470344413357
-20.060932923958244
-20.0532017380829
