-4.184110493609197
-4.176739039011236
-4.166824892374111
-4.173418832631712
-4.1570917905855485
-4.154433365193716
-4.136447446199918
-4.1735562166388105
-4.166465135584778
-4.170928532239301
-4.16966445735154
-4.157235327371353
-4.176101818880742
-4.154072231515645
-4.157266353298892
-4.143778052545338
-4.150244125799989
-4.161788235605683
-4.176028693863177
-4.153494088309481
-4.187339675331211
-4.149059194621861
-4.170288993874178
-4.160031919902886
-4.194495391859461
-4.164745571781808
-4.168143737976316
-4.1714084494918495
-4.15802409069731
-4.163521702518655
-4.173629514494411
-4.155503402081061
-4.176659274217256
-4.154523825988877
-4.187083890576104
-4.188749300724172
-4.165787936708092
-4.192964578488738
-4.175366491593221
-4.149755442477007
-4.1673151304937255
-4.1623188079272015
-4.187873828767428
-4.173287875635076
-4.181416713232357
-4.164341440072363
-4.1551743017136875
-4.171902044250324
-4.175818448983943
-4.175672173101418

